ts tNN delta
0.80 -0.90 3.36070e-02
0.80 -0.95 3.75822e-02
0.80 -1.00 4.27525e-02
0.80 -1.05 4.86843e-02
0.80 -1.10 6.54730e-02
0.80 -1.15 6.62485e-02
0.80 -1.20 6.72880e-02
0.80 -1.25 7.22910e-02
0.80 -1.30 6.05940e-02
0.80 -1.35 5.95658e-02
0.80 -1.40 6.83887e-02
0.80 -1.45 6.72053e-02
0.80 -1.50 5.91217e-02
0.80 -1.55 5.49032e-02
0.80 -1.60 6.20054e-02
0.80 -1.65 5.41769e-02
0.80 -1.70 5.27644e-02
0.80 -1.75 5.78951e-02
0.80 -1.80 5.72590e-02
0.80 -1.85 5.40288e-02
0.82 -0.90 0.00000e+00
0.82 -0.95 0.00000e+00
0.82 -1.00 4.76069e-04
0.82 -1.05 3.55695e-04
0.82 -1.10 4.17808e-02
0.82 -1.15 5.09825e-02
0.82 -1.20 4.92493e-02
0.82 -1.25 6.05442e-02
0.82 -1.30 5.57048e-02
0.82 -1.35 4.56889e-02
0.82 -1.40 5.85601e-02
0.82 -1.45 6.14210e-02
0.82 -1.50 5.55493e-02
0.82 -1.55 4.93781e-02
0.82 -1.60 5.47364e-02
0.82 -1.65 5.56655e-02
0.82 -1.70 4.95749e-02
0.82 -1.75 5.54613e-02
0.82 -1.80 5.55010e-02
0.82 -1.85 5.50668e-02
0.84 -0.90 3.33133e-06
0.84 -0.95 3.06126e-06
0.84 -1.00 3.58744e-04
0.84 -1.05 0.00000e+00
0.84 -1.10 0.00000e+00
0.84 -1.15 2.42478e-02
0.84 -1.20 2.62462e-02
0.84 -1.25 3.40724e-02
0.84 -1.30 3.52410e-02
0.84 -1.35 3.10610e-02
0.84 -1.40 3.18168e-02
0.84 -1.45 4.39749e-02
0.84 -1.50 2.98046e-02
0.84 -1.55 3.67945e-02
0.84 -1.60 3.59137e-02
0.84 -1.65 3.75993e-02
0.84 -1.70 3.72859e-02
0.84 -1.75 4.21663e-02
0.84 -1.80 4.68237e-02
0.84 -1.85 4.95150e-02
0.86 -0.90 6.54551e-03
0.86 -0.95 9.34449e-03
0.86 -1.00 0.00000e+00
0.86 -1.05 0.00000e+00
0.86 -1.10 0.00000e+00
0.86 -1.15 7.16498e-03
0.86 -1.20 1.43384e-02
0.86 -1.25 6.92582e-03
0.86 -1.30 9.93927e-03
0.86 -1.35 1.88796e-02
0.86 -1.40 7.67689e-03
0.86 -1.45 2.02099e-02
0.86 -1.50 8.73452e-03
0.86 -1.55 7.01561e-03
0.86 -1.60 2.06167e-02
0.86 -1.65 2.08559e-02
0.86 -1.70 5.21736e-03
0.86 -1.75 1.29744e-02
0.86 -1.80 2.57512e-02
0.86 -1.85 1.57412e-02
0.88 -0.90 5.96217e-03
0.88 -0.95 0.00000e+00
0.88 -1.00 0.00000e+00
0.88 -1.05 0.00000e+00
0.88 -1.10 9.92005e-03
0.88 -1.15 1.14735e-02
0.88 -1.20 7.26787e-03
0.88 -1.25 1.28595e-02
0.88 -1.30 7.64614e-03
0.88 -1.35 1.16597e-02
0.88 -1.40 6.94133e-03
0.88 -1.45 8.17042e-03
0.88 -1.50 2.45376e-06
0.88 -1.55 4.03114e-03
0.88 -1.60 6.52627e-03
0.88 -1.65 9.40031e-03
0.88 -1.70 0.00000e+00
0.88 -1.75 6.71902e-03
0.88 -1.80 8.36336e-03
0.88 -1.85 7.99323e-03
0.90 -0.90 6.40255e-03
0.90 -0.95 8.94273e-03
0.90 -1.00 1.03277e-02
0.90 -1.05 1.61982e-05
0.90 -1.10 0.00000e+00
0.90 -1.15 6.50108e-03
0.90 -1.20 6.68287e-03
0.90 -1.25 6.78801e-03
0.90 -1.30 9.17370e-03
0.90 -1.35 6.85459e-03
0.90 -1.40 7.30748e-03
0.90 -1.45 6.20819e-03
0.90 -1.50 0.00000e+00
0.90 -1.55 6.30230e-03
0.90 -1.60 3.03295e-03
0.90 -1.65 0.00000e+00
0.90 -1.70 0.00000e+00
0.90 -1.75 0.00000e+00
0.90 -1.80 0.00000e+00
0.90 -1.85 2.31071e-05
0.92 -0.90 0.00000e+00
0.92 -0.95 6.23128e-03
0.92 -1.00 7.59367e-03
0.92 -1.05 4.01155e-03
0.92 -1.10 1.01040e-02
0.92 -1.15 7.06679e-03
0.92 -1.20 6.77637e-03
0.92 -1.25 5.96782e-03
0.92 -1.30 9.34574e-03
0.92 -1.35 6.84515e-03
0.92 -1.40 6.15976e-03
0.92 -1.45 5.20334e-03
0.92 -1.50 7.68657e-03
0.92 -1.55 4.97447e-03
0.92 -1.60 0.00000e+00
0.92 -1.65 6.31267e-03
0.92 -1.70 8.73681e-03
0.92 -1.75 0.00000e+00
0.92 -1.80 5.55113e-03
0.92 -1.85 8.84806e-03
0.94 -0.90 7.32802e-06
0.94 -0.95 0.00000e+00
0.94 -1.00 4.69057e-06
0.94 -1.05 4.36264e-06
0.94 -1.10 9.98909e-03
0.94 -1.15 1.00743e-02
0.94 -1.20 6.70851e-03
0.94 -1.25 7.46264e-03
0.94 -1.30 7.31037e-03
0.94 -1.35 6.69296e-03
0.94 -1.40 8.05450e-03
0.94 -1.45 4.92672e-03
0.94 -1.50 8.10954e-03
0.94 -1.55 5.56594e-03
0.94 -1.60 5.24820e-03
0.94 -1.65 5.08672e-03
0.94 -1.70 7.86435e-03
0.94 -1.75 5.23262e-03
0.94 -1.80 9.86110e-04
0.94 -1.85 0.00000e+00
0.96 -0.90 0.00000e+00
0.96 -0.95 8.76590e-03
0.96 -1.00 4.06713e-04
0.96 -1.05 0.00000e+00
0.96 -1.10 0.00000e+00
0.96 -1.15 0.00000e+00
0.96 -1.20 5.76366e-03
0.96 -1.25 5.01024e-03
0.96 -1.30 5.94528e-03
0.96 -1.35 5.11461e-03
0.96 -1.40 9.55539e-03
0.96 -1.45 8.08325e-03
0.96 -1.50 6.96593e-03
0.96 -1.55 0.00000e+00
0.96 -1.60 7.25709e-03
0.96 -1.65 4.42766e-03
0.96 -1.70 5.89484e-03
0.96 -1.75 4.63168e-03
0.96 -1.80 4.87233e-03
0.96 -1.85 6.58890e-03
0.98 -0.90 8.99307e-06
0.98 -0.95 0.00000e+00
0.98 -1.00 6.27854e-06
0.98 -1.05 5.25749e-03
0.98 -1.10 0.00000e+00
0.98 -1.15 0.00000e+00
0.98 -1.20 4.95222e-03
0.98 -1.25 7.00057e-03
0.98 -1.30 6.53430e-03
0.98 -1.35 5.28693e-03
0.98 -1.40 6.79350e-03
0.98 -1.45 3.53664e-03
0.98 -1.50 5.45068e-03
0.98 -1.55 6.41191e-03
0.98 -1.60 7.40854e-03
0.98 -1.65 3.28533e-03
0.98 -1.70 4.93336e-03
0.98 -1.75 6.77888e-03
0.98 -1.80 7.41826e-06
0.98 -1.85 4.25880e-03
1.00 -0.90 7.97776e-03
1.00 -0.95 8.14269e-03
1.00 -1.00 0.00000e+00
1.00 -1.05 0.00000e+00
1.00 -1.10 0.00000e+00
1.00 -1.15 4.34200e-03
1.00 -1.20 8.11435e-03
1.00 -1.25 4.78075e-03
1.00 -1.30 7.97090e-03
1.00 -1.35 5.29139e-03
1.00 -1.40 4.29483e-03
1.00 -1.45 4.38728e-03
1.00 -1.50 4.86801e-03
1.00 -1.55 2.42755e-03
1.00 -1.60 0.00000e+00
1.00 -1.65 4.58950e-03
1.00 -1.70 6.56840e-03
1.00 -1.75 5.45915e-03
1.00 -1.80 3.04389e-03
1.00 -1.85 6.16132e-03
1.02 -0.90 3.37316e-04
1.02 -0.95 7.82293e-04
1.02 -1.00 1.91404e-02
1.02 -1.05 5.23216e-06
1.02 -1.10 4.01589e-06
1.02 -1.15 3.77236e-04
1.02 -1.20 6.06759e-03
1.02 -1.25 4.69429e-03
1.02 -1.30 3.46305e-03
1.02 -1.35 5.82959e-03
1.02 -1.40 5.17669e-03
1.02 -1.45 5.44492e-03
1.02 -1.50 3.66250e-03
1.02 -1.55 6.93296e-03
1.02 -1.60 5.01984e-03
1.02 -1.65 0.00000e+00
1.02 -1.70 2.77828e-05
1.02 -1.75 5.00404e-03
1.02 -1.80 4.69238e-03
1.02 -1.85 7.31031e-03
1.04 -0.90 5.15950e-03
1.04 -0.95 3.86120e-03
1.04 -1.00 0.00000e+00
1.04 -1.05 2.40557e-02
1.04 -1.10 3.39384e-04
1.04 -1.15 0.00000e+00
1.04 -1.20 0.00000e+00
1.04 -1.25 6.97882e-03
1.04 -1.30 6.53824e-03
1.04 -1.35 5.80481e-03
1.04 -1.40 4.78472e-03
1.04 -1.45 8.27931e-03
1.04 -1.50 5.11135e-03
1.04 -1.55 6.98880e-03
1.04 -1.60 1.15372e-05
1.04 -1.65 4.65823e-03
1.04 -1.70 4.51287e-03
1.04 -1.75 4.50476e-03
1.04 -1.80 1.85008e-03
1.04 -1.85 0.00000e+00
1.06 -0.90 5.46430e-03
1.06 -0.95 1.03655e-02
1.06 -1.00 7.58103e-03
1.06 -1.05 0.00000e+00
1.06 -1.10 2.26564e-02
1.06 -1.15 1.89200e-02
1.06 -1.20 1.46803e-04
1.06 -1.25 6.06497e-03
1.06 -1.30 5.43109e-03
1.06 -1.35 4.32149e-03
1.06 -1.40 5.35310e-03
1.06 -1.45 6.21534e-03
1.06 -1.50 5.16206e-03
1.06 -1.55 5.70398e-03
1.06 -1.60 0.00000e+00
1.06 -1.65 5.53700e-03
1.06 -1.70 3.27263e-03
1.06 -1.75 4.14088e-03
1.06 -1.80 6.05767e-03
1.06 -1.85 4.68037e-03
1.08 -0.90 0.00000e+00
1.08 -0.95 7.70536e-03
1.08 -1.00 6.89169e-03
1.08 -1.05 6.84056e-03
1.08 -1.10 0.00000e+00
1.08 -1.15 0.00000e+00
1.08 -1.20 2.86257e-02
1.08 -1.25 3.27001e-02
1.08 -1.30 1.45051e-02
1.08 -1.35 8.89628e-03
1.08 -1.40 6.60460e-03
1.08 -1.45 4.30076e-03
1.08 -1.50 5.69954e-03
1.08 -1.55 6.48382e-03
1.08 -1.60 4.98133e-03
1.08 -1.65 0.00000e+00
1.08 -1.70 0.00000e+00
1.08 -1.75 0.00000e+00
1.08 -1.80 5.35324e-03
1.08 -1.85 8.30430e-04
1.10 -0.90 0.00000e+00
1.10 -0.95 0.00000e+00
1.10 -1.00 5.27829e-03
1.10 -1.05 0.00000e+00
1.10 -1.10 1.03846e-02
1.10 -1.15 0.00000e+00
1.10 -1.20 6.80449e-04
1.10 -1.25 3.77828e-02
1.10 -1.30 3.94094e-02
1.10 -1.35 6.08178e-03
1.10 -1.40 1.12212e-02
1.10 -1.45 1.21802e-03
1.10 -1.50 3.99169e-03
1.10 -1.55 4.34981e-03
1.10 -1.60 5.00914e-03
1.10 -1.65 2.95848e-03
1.10 -1.70 2.26809e-03
1.10 -1.75 5.27877e-03
1.10 -1.80 4.29276e-06
1.10 -1.85 1.60987e-06
1.12 -0.90 1.14508e-06
1.12 -0.95 6.27515e-07
1.12 -1.00 3.89307e-07
1.12 -1.05 3.71705e-07
1.12 -1.10 3.24392e-07
1.12 -1.15 1.38261e-02
1.12 -1.20 6.99265e-03
1.12 -1.25 1.58193e-02
1.12 -1.30 4.07479e-02
1.12 -1.35 3.34515e-02
1.12 -1.40 2.66892e-02
1.12 -1.45 3.95191e-03
1.12 -1.50 1.11602e-02
1.12 -1.55 9.72912e-05
1.12 -1.60 6.68455e-03
1.12 -1.65 2.52117e-03
1.12 -1.70 3.76901e-03
1.12 -1.75 3.89364e-03
1.12 -1.80 0.00000e+00
1.12 -1.85 0.00000e+00
1.14 -0.90 0.00000e+00
1.14 -0.95 0.00000e+00
1.14 -1.00 0.00000e+00
1.14 -1.05 0.00000e+00
1.14 -1.10 0.00000e+00
1.14 -1.15 0.00000e+00
1.14 -1.20 6.85163e-06
1.14 -1.25 6.51321e-03
1.14 -1.30 2.16749e-02
1.14 -1.35 2.81118e-02
1.14 -1.40 4.02613e-02
1.14 -1.45 2.80233e-02
1.14 -1.50 1.49142e-02
1.14 -1.55 6.58825e-03
1.14 -1.60 4.04890e-03
1.14 -1.65 0.00000e+00
1.14 -1.70 3.22136e-03
1.14 -1.75 4.39991e-03
1.14 -1.80 4.65764e-03
1.14 -1.85 4.75152e-03
1.16 -0.90 3.04184e-03
1.16 -0.95 0.00000e+00
1.16 -1.00 0.00000e+00
1.16 -1.05 0.00000e+00
1.16 -1.10 1.54776e-06
1.16 -1.15 1.54776e-06
1.16 -1.20 1.24732e-06
1.16 -1.25 1.04429e-02
1.16 -1.30 2.28482e-02
1.16 -1.35 1.49859e-02
1.16 -1.40 2.83077e-02
1.16 -1.45 3.86474e-02
1.16 -1.50 3.38415e-02
1.16 -1.55 1.01736e-02
1.16 -1.60 5.68901e-03
1.16 -1.65 2.86083e-03
1.16 -1.70 0.00000e+00
1.16 -1.75 0.00000e+00
1.16 -1.80 0.00000e+00
1.16 -1.85 4.01750e-03
1.18 -0.90 0.00000e+00
1.18 -0.95 2.40708e-03
1.18 -1.00 0.00000e+00
1.18 -1.05 0.00000e+00
1.18 -1.10 0.00000e+00
1.18 -1.15 0.00000e+00
1.18 -1.20 0.00000e+00
1.18 -1.25 3.43245e-03
1.18 -1.30 1.34565e-02
1.18 -1.35 2.24998e-02
1.18 -1.40 1.42065e-02
1.18 -1.45 2.06902e-02
1.18 -1.50 2.39981e-02
1.18 -1.55 3.35699e-02
1.18 -1.60 2.94456e-02
1.18 -1.65 1.33637e-02
1.18 -1.70 1.33640e-02
1.18 -1.75 1.68856e-05
1.18 -1.80 1.58214e-05
1.18 -1.85 1.54982e-05
1.20 -0.90 0.00000e+00
1.20 -0.95 0.00000e+00
1.20 -1.00 0.00000e+00
1.20 -1.05 2.52813e-06
1.20 -1.10 1.68971e-06
1.20 -1.15 9.00254e-07
1.20 -1.20 5.20076e-07
1.20 -1.25 3.44007e-07
1.20 -1.30 4.82081e-03
1.20 -1.35 1.18624e-02
1.20 -1.40 2.30178e-02
1.20 -1.45 1.82509e-02
1.20 -1.50 3.57390e-03
1.20 -1.55 2.10460e-02
1.20 -1.60 3.34838e-02
1.20 -1.65 3.80756e-02
1.20 -1.70 1.18557e-02
1.20 -1.75 3.75343e-03
1.20 -1.80 3.27668e-03
1.20 -1.85 4.90886e-03
1.22 -0.90 0.00000e+00
1.22 -0.95 0.00000e+00
1.22 -1.00 0.00000e+00
1.22 -1.05 0.00000e+00
1.22 -1.10 0.00000e+00
1.22 -1.15 1.93274e-06
1.22 -1.20 1.08648e-06
1.22 -1.25 6.30626e-07
1.22 -1.30 5.88600e-07
1.22 -1.35 3.48782e-03
1.22 -1.40 3.85073e-03
1.22 -1.45 2.39724e-02
1.22 -1.50 1.08454e-02
1.22 -1.55 1.35028e-02
1.22 -1.60 9.70048e-03
1.22 -1.65 3.30067e-02
1.22 -1.70 3.59259e-02
1.22 -1.75 1.71036e-02
1.22 -1.80 0.00000e+00
1.22 -1.85 4.46797e-03
1.24 -0.90 4.34847e-06
1.24 -0.95 0.00000e+00
1.24 -1.00 2.73485e-03
1.24 -1.05 1.40653e-03
1.24 -1.10 1.19643e-06
1.24 -1.15 8.22508e-07
1.24 -1.20 5.19370e-07
1.24 -1.25 2.92403e-07
1.24 -1.30 2.16062e-07
1.24 -1.35 2.08052e-07
1.24 -1.40 4.94268e-03
1.24 -1.45 4.19591e-03
1.24 -1.50 1.65091e-02
1.24 -1.55 1.96175e-02
1.24 -1.60 1.95144e-03
1.24 -1.65 5.12388e-03
1.24 -1.70 2.09512e-02
1.24 -1.75 3.57020e-02
1.24 -1.80 2.58827e-02
1.24 -1.85 1.25584e-02
1.26 -0.90 1.53299e-02
1.26 -0.95 0.00000e+00
1.26 -1.00 0.00000e+00
1.26 -1.05 2.64079e-03
1.26 -1.10 0.00000e+00
1.26 -1.15 0.00000e+00
1.26 -1.20 1.43625e-06
1.26 -1.25 8.83666e-07
1.26 -1.30 6.02514e-07
1.26 -1.35 3.87233e-03
1.26 -1.40 7.28475e-03
1.26 -1.45 3.68514e-03
1.26 -1.50 5.79831e-03
1.26 -1.55 4.21206e-03
1.26 -1.60 1.74676e-02
1.26 -1.65 5.08719e-03
1.26 -1.70 8.54816e-03
1.26 -1.75 2.25988e-03
1.26 -1.80 2.20843e-02
1.26 -1.85 3.15325e-02
1.28 -0.90 3.62459e-06
1.28 -0.95 1.59248e-03
1.28 -1.00 3.62401e-05
1.28 -1.05 0.00000e+00
1.28 -1.10 0.00000e+00
1.28 -1.15 0.00000e+00
1.28 -1.20 0.00000e+00
1.28 -1.25 0.00000e+00
1.28 -1.30 0.00000e+00
1.28 -1.35 3.61234e-06
1.28 -1.40 3.50470e-06
1.28 -1.45 3.37428e-06
1.28 -1.50 4.88272e-03
1.28 -1.55 0.00000e+00
1.28 -1.60 1.00552e-02
1.28 -1.65 2.03403e-02
1.28 -1.70 1.30254e-02
1.28 -1.75 2.57732e-03
1.28 -1.80 8.39114e-06
1.28 -1.85 1.59088e-02
1.30 -0.90 0.00000e+00
1.30 -0.95 0.00000e+00
1.30 -1.00 5.00572e-06
1.30 -1.05 0.00000e+00
1.30 -1.10 1.61536e-06
1.30 -1.15 1.04350e-06
1.30 -1.20 2.06829e-04
1.30 -1.25 0.00000e+00
1.30 -1.30 0.00000e+00
1.30 -1.35 0.00000e+00
1.30 -1.40 2.78205e-03
1.30 -1.45 0.00000e+00
1.30 -1.50 0.00000e+00
1.30 -1.55 2.55943e-06
1.30 -1.60 9.86349e-03
1.30 -1.65 5.47414e-03
1.30 -1.70 2.71979e-02
1.30 -1.75 2.93073e-03
1.30 -1.80 3.12283e-03
1.30 -1.85 1.62896e-04
1.32 -0.90 0.00000e+00
1.32 -0.95 0.00000e+00
1.32 -1.00 0.00000e+00
1.32 -1.05 0.00000e+00
1.32 -1.10 0.00000e+00
1.32 -1.15 0.00000e+00
1.32 -1.20 0.00000e+00
1.32 -1.25 2.98594e-03
1.32 -1.30 0.00000e+00
1.32 -1.35 3.44429e-03
1.32 -1.40 0.00000e+00
1.32 -1.45 0.00000e+00
1.32 -1.50 8.91098e-06
1.32 -1.55 8.81932e-06
1.32 -1.60 7.82247e-06
1.32 -1.65 7.63366e-06
1.32 -1.70 7.36830e-06
1.32 -1.75 1.90256e-02
1.32 -1.80 9.47190e-03
1.32 -1.85 3.76259e-03
1.34 -0.90 0.00000e+00
1.34 -0.95 0.00000e+00
1.34 -1.00 0.00000e+00
1.34 -1.05 1.84635e-02
1.34 -1.10 0.00000e+00
1.34 -1.15 1.59797e-06
1.34 -1.20 1.26040e-06
1.34 -1.25 7.79437e-07
1.34 -1.30 1.37986e-03
1.34 -1.35 0.00000e+00
1.34 -1.40 2.78632e-03
1.34 -1.45 5.19318e-06
1.34 -1.50 4.54641e-06
1.34 -1.55 4.54641e-06
1.34 -1.60 3.88808e-06
1.34 -1.65 3.06664e-06
1.34 -1.70 3.43340e-03
1.34 -1.75 3.48392e-03
1.34 -1.80 4.37220e-03
1.34 -1.85 1.24031e-02
1.36 -0.90 1.72773e-06
1.36 -0.95 1.24349e-06
1.36 -1.00 6.25414e-07
1.36 -1.05 3.76197e-07
1.36 -1.10 1.32564e-02
1.36 -1.15 0.00000e+00
1.36 -1.20 0.00000e+00
1.36 -1.25 3.10150e-03
1.36 -1.30 0.00000e+00
1.36 -1.35 0.00000e+00
1.36 -1.40 2.03835e-06
1.36 -1.45 5.41313e-03
1.36 -1.50 0.00000e+00
1.36 -1.55 0.00000e+00
1.36 -1.60 7.69847e-06
1.36 -1.65 6.64011e-04
1.36 -1.70 5.82555e-04
1.36 -1.75 0.00000e+00
1.36 -1.80 0.00000e+00
1.36 -1.85 1.36788e-05
1.38 -0.90 0.00000e+00
1.38 -0.95 0.00000e+00
1.38 -1.00 2.75538e-06
1.38 -1.05 1.30142e-06
1.38 -1.10 1.06253e-06
1.38 -1.15 8.58194e-07
1.38 -1.20 4.64351e-07
1.38 -1.25 2.59969e-07
1.38 -1.30 2.52265e-07
1.38 -1.35 1.54328e-07
1.38 -1.40 1.42887e-07
1.38 -1.45 1.34970e-07
1.38 -1.50 4.59260e-03
1.38 -1.55 0.00000e+00
1.38 -1.60 0.00000e+00
1.38 -1.65 1.83215e-05
1.38 -1.70 3.04933e-03
1.38 -1.75 5.92452e-04
1.38 -1.80 0.00000e+00
1.38 -1.85 1.87279e-03